4
-3
13
-7
10
-8
-7
-2
-12
4
-14
3
-2
5
6
4
-1
14
0
0
-2
8
14
-14
2
-14
4
-1
12
-5
11
14
-1
-2
-2
-2
10
15
-7
-9
-8
-11
15
10
-6
11
15
0
5
-13
5
-6
0
-9
-10
-8
-10
-15
-14
14
-14
0
-15
3
-14
5
-5
1
-2
10
-1
5
1
15
13
-14
1
-14
10
6
11
11
-14
-4
9
-2
6
2
-9
2
-8
-15
2
8
4
11
12
-13
3
-2
5
-9
-13
-11
0
-8
-14
3
15
-6
-14
-4
3
1
-4
5
-8
50
-55
75
-75
94
-90
79
-82
60
-50
48
-35
29
-33
30
-35
33
-28
27
-26
24
-22
21
-19
18
-12
-4
-10
-1
2
-12
13
-8
-14
-2
4
8
-15
11
7
4
-6
-12
-1
3
-11
-11
12
-7
13
-11
6
15
11
9
5
1
8
5
-13
5
-13
11
-7
14
-10
13
4
-13
-7
-10
-1
7
5
-11
6
-6
0
-1
-2
6
11
3
-13
-6
-9
6
-4
12
4
-9
-8
-2
-1
0
7
-13
-8
-7
10
7
4
-6
11
5
-8
-1
-12
5
15
-8
-15
-10
-7
11
8
11
15
-13
-10
8
-3
-14
5
-15
-7
-8
10
-1
-5
-7
9
13
-13
-9
9
4
6
12
1
10
-3
1
-8
-5
10
14
4
10
-9
-5
9
-3
4
1
-5
-5
0
-9
-4
11
-10
-7
-14
6
11
7
-4
4
2
-4
2
-11
-2
12
-4
-12
-8
-15
8
12
14
-15
